date	open	max	min	close
2015/6/26	23.65	28.38	23.65	28.38
2015/6/29	31.22	31.22	29.18	31.22
2015/6/30	30.68	34.34	29.18	34.34
2015/7/1	36	37.3	34.03	34.82
2015/7/2	35.8	35.88	31.35	31.42
2015/7/3	30.01	33.3	28.31	29.6
2015/7/6	32.56	32.56	29.8	31.95
2015/7/7	30	30.9	28.76	28.76
2015/7/8	25.88	25.88	25.88	25.88
2015/7/9	23.29	28.47	23.29	28.47
2015/7/10	28.5	31.32	28.47	31.32
2015/7/13	31.5	33.98	30.38	32.82
2015/7/14	31.35	32.25	29.95	30.38
2015/7/15	29.56	30.38	27.34	27.34
2015/7/16	26.55	28.75	25.7	27.64
2015/7/17	27.65	29.88	27.33	29.36
2015/7/20	29	29.26	28	28.37
2015/7/21	27.89	29.58	27.51	28.71
2015/7/22	28.78	29.5	28.49	28.64
2015/7/23	28.68	29.98	28.51	29.59
2015/7/24	29.78	29.86	28.17	28.41
2015/7/27	27.5	27.97	25.57	25.57
2015/7/28	24.24	28.13	23.48	27.72
2015/7/29	27.5	27.77	26.2	27.69
2015/7/30	27.1	28.11	26.5	26.66
2015/7/31	26.18	27.13	25.8	26.38
2015/8/3	25.95	26.45	25.18	26.22
2015/8/4	26.22	27.27	25.91	27.12
2015/8/5	26.8	27	26.18	26.22
2015/8/6	25.78	26.55	25.58	25.77
2015/8/7	25.76	26.49	25.76	26.09
2015/8/10	26.21	28.08	25.88	27.54
2015/8/11	27.19	27.64	26.9	26.99
2015/8/12	26.78	27.73	26.65	26.87
2015/8/13	26.87	27.3	26.38	27.05
2015/8/14	27.23	27.46	26.91	27.08
2015/8/17	26.98	27.06	26.02	26.43
2015/8/18	26.58	27.5	24.1	24.56
2015/8/19	24.09	25.1	23.69	25.07
2015/8/20	24.8	24.9	24	24.08
2015/8/21	23.72	24.04	23	23.16
2015/8/24	22.01	22.49	20.84	20.84
2015/8/25	19.25	20.17	18.76	18.76
2015/8/26	19.28	20.25	18.2	18.95
2015/8/27	19.51	20.29	18.8	20.24
2015/8/28	20.3	21.27	19.9	21.14
2015/8/31	21	21	19.7	19.99
2015/9/1	19.9	20.89	18.76	19.67
2015/9/2	18.88	20.08	18.5	18.71
2015/9/7	19.02	19.72	18.8	18.94
2015/9/8	18.9	20.08	18.76	19.98
2015/9/9	19.99	20.97	19.82	20.51
2015/9/10	20.13	20.27	19.71	19.82
2015/9/11	19.79	20.06	19.48	19.66
2015/9/14	19.77	19.78	18	18.25
2015/9/15	18	18.46	17.5	17.55
2015/9/16	17.61	19.13	17.45	18.98
2015/9/17	18.65	19.3	18.35	18.43
2015/9/18	18.65	18.76	18.27	18.53
2015/9/21	18.1	18.96	18	18.89
2015/9/22	19.2	20.25	19.04	20.02
2015/9/23	19.54	19.81	19.05	19.14
2015/9/24	19.26	19.36	18.88	19.05
2015/9/25	18.88	19.09	18.27	18.4
2015/9/28	18.43	18.79	18.11	18.76
2015/9/29	18.37	19.05	18.13	18.51
2015/9/30	18.55	18.99	18.48	18.6
2015/10/8	19.6	19.62	19.17	19.22
2015/10/9	19.22	19.96	19.18	19.68
2015/10/12	19.8	20.96	19.58	20.59
2015/10/13	20.31	20.48	20.02	20.29
2015/10/14	20.15	20.59	20.01	20.02
2015/10/15	19.95	20.64	19.91	20.62
2015/10/16	20.88	21.24	20.58	21.04
2015/10/19	21.1	22.25	21.1	21.62
2015/10/20	21.58	21.76	21.05	21.71
2015/10/21	21.79	21.9	20.07	20.3
2015/10/22	20.2	20.61	19.93	20.58
2015/10/23	20.84	21.35	20.5	21.28
2015/10/26	21.9	22.2	21.41	21.65
2015/10/27	21.05	21.68	20.7	21.58
2015/10/28	21.3	21.68	20.82	20.86
2015/10/29	20.85	21.1	20.59	20.81
2015/10/30	20.92	21.88	20.72	21.3
2015/11/2	20.9	21.43	20.75	20.79
2015/11/3	20.79	21.07	20.66	20.82
2015/11/4	20.94	22.9	20.87	22.9
2015/11/5	23.51	25.19	23.5	24.19
2015/11/6	23.8	26.27	23.51	25.81
2015/11/9	25.9	26.77	25	25.21
2015/11/10	24.85	26.51	24.71	25.42
2015/11/11	25.01	25.95	24.51	25.42
2015/11/12	25.58	25.58	24.54	24.71
2015/11/13	24.26	25.24	24.18	24.72
2015/11/16	23.9	24.31	23.7	24.27
2015/11/17	24.7	26.38	24.61	24.75
2015/11/18	24.85	25.45	23.89	24.06
2015/11/19	24.15	24.42	23.79	24.38
2015/11/20	24.54	25.2	24.34	24.59
2015/11/23	24.34	24.9	23.86	23.95
2015/11/24	23.62	24.35	23.15	23.95
2015/11/25	23.69	24.02	23.53	23.99
2015/11/26	24.1	24.69	23.89	24.03
2015/11/27	23.6	23.77	21.88	22.11
2015/11/30	22.31	22.45	21.22	22.03
2015/12/1	22.04	22.5	21.77	22.26
2015/12/2	22.33	23.49	22	23.38
2015/12/3	23.12	23.84	22.95	23.35
2015/12/4	23.11	23.26	22.71	22.85
2015/12/7	23.14	23.5	22.92	23.24
2015/12/8	23	23.35	22.7	22.72
2015/12/9	22.61	23.24	22.54	22.96
2015/12/10	23.04	24.15	23.04	23.2
2015/12/11	23	24.78	22.78	24.34
2015/12/14	24.02	26.5	24.02	26.23
2015/12/15	26	26	24.8	25.02
2015/12/16	25.25	25.6	24.81	25.14
2015/12/17	25.34	26.22	25.14	25.52
2015/12/18	25.34	25.57	24.95	25.31
2015/12/21	25.1	25.98	25.06	25.41
2015/12/22	25.42	25.7	25.28	25.53
2015/12/23	25.55	26.64	25.4	25.63
2015/12/24	25.25	25.3	24.3	24.57
2015/12/25	24.58	24.77	24.43	24.64
2015/12/28	24.79	24.96	23.7	23.76
2015/12/29	23.72	24.15	23.72	24
2015/12/30	24.1	24.16	23.79	24.09
2015/12/31	24.03	24.28	23.84	23.9
2016/1/4	23.76	23.95	21.79	21.89
2016/1/5	21.3	22.2	21.01	21.78
2016/1/6	21.88	22.44	21.68	22.29
2016/1/7	21.88	21.88	20.15	20.32
2016/1/8	20.6	21.65	20.03	21.04
2016/1/11	20.45	20.78	19.45	19.6
2016/1/12	19.9	20.34	19.6	19.84
2016/1/13	20.1	20.24	19.6	19.67
2016/1/14	19.11	20.26	19.01	20.16
2016/1/15	20.02	20.1	19.2	19.31
2016/1/18	18.9	19.65	18.81	19.32
2016/1/19	19.35	20	19.05	19.86
2016/1/20	19.85	19.96	19.45	19.64
2016/1/21	19.33	19.85	18.85	18.89
2016/1/22	19.15	19.25	18.6	19.04
2016/1/25	19.13	19.34	19.01	19.12
2016/1/26	18.92	18.99	17.21	17.21
2016/1/27	17.3	17.45	16.25	16.84
2016/1/28	16.66	17.27	16.48	16.54
2016/1/29	16.6	17.68	16.6	17.38
2016/2/1	17.16	17.38	16.8	17.06
2016/2/2	17.06	17.65	17.06	17.48
2016/2/3	17.23	17.45	17.13	17.38
2016/2/4	17.47	17.85	17.45	17.69
2016/2/5	17.4	17.48	16.8	17.16
2016/2/15	16.58	17.03	16.45	16.93
2016/2/16	17.01	17.66	17.01	17.59
2016/2/17	17.51	17.66	17.37	17.62
2016/2/18	17.71	18.06	17.55	17.57
2016/2/19	17.51	17.65	17.39	17.54
2016/2/22	17.75	18.47	17.73	18.3
2016/2/23	18.2	18.32	17.7	17.99
2016/2/24	17.91	18.13	17.68	18.12
2016/2/25	18.14	18.14	16.5	16.75
2016/2/26	16.99	17.09	16.51	16.9
2016/2/29	16.78	16.79	15.97	16.34
2016/3/1	16.42	17.5	16.3	16.91
2016/3/2	17.04	17.9	16.82	17.73
2016/3/3	17.77	17.85	17.5	17.63
2016/3/4	17.69	17.88	17.3	17.81
2016/3/7	18.07	18.3	17.87	18.02
2016/3/8	17.94	18.04	17.25	18
2016/3/9	17.65	17.8	17.38	17.77
2016/3/10	17.65	17.79	17.2	17.27
2016/3/11	17.14	17.54	17	17.44
2016/3/14	17.6	18.25	17.51	17.84
2016/3/15	17.76	17.85	17.47	17.68
2016/3/16	17.65	17.93	17.59	17.74
2016/3/17	17.8	18.43	17.74	18.2
2016/3/18	18.29	18.95	18.19	18.74
2016/3/21	19.35	20.61	19.28	20.61
2016/3/22	20.1	20.39	19.73	19.84
2016/3/23	19.7	20.15	19.4	19.98
2016/3/24	19.65	19.66	19.09	19.11
2016/3/25	19.03	19.43	19.02	19.36
2016/3/28	19.35	19.61	19.03	19.05
2016/3/29	19.13	19.26	18.7	18.85
2016/3/30	19.1	19.48	19.1	19.44
2016/3/31	19.52	20.13	19.4	19.71
2016/4/1	19.59	19.84	19.21	19.58
2016/4/5	19.45	20.02	19.45	19.8
2016/4/6	19.65	19.85	19.51	19.65
2016/4/7	19.75	19.82	19.17	19.19
2016/4/8	19	19.12	18.72	18.88
2016/4/11	19.53	19.9	19.46	19.52
2016/4/12	19.45	19.6	19.2	19.39
2016/4/13	19.54	20.42	19.53	19.94
2016/4/14	20.07	20.11	19.81	20
2016/4/15	20.05	20.05	19.76	19.85
2016/4/18	19.68	19.69	19.26	19.31
2016/4/19	19.51	19.54	19.25	19.39
2016/4/20	19.43	19.47	18.5	19.06
2016/4/21	18.88	19.07	18.75	18.78
2016/4/22	18.66	18.98	18.59	18.91
2016/4/25	18.92	18.92	18.46	18.7
2016/4/26	18.75	18.94	18.59	18.87
2016/4/27	18.76	18.93	18.51	18.57
2016/4/28	18.66	18.68	18.21	18.31
2016/4/29	18.25	18.42	18.18	18.28
2016/5/3	18.32	18.78	18.22	18.63
2016/5/4	18.52	18.62	18.42	18.51
2016/5/5	18.5	18.56	18.42	18.51
2016/5/6	18.58	18.64	17.98	17.99
2016/5/9	17.83	17.83	17.34	17.41
2016/5/10	17.38	17.5	17.18	17.27
2016/5/11	17.44	17.45	17.22	17.29
2016/5/12	17.2	17.35	17.02	17.29
2016/5/13	17.28	17.45	17.08	17.17
2016/5/16	17.05	17.31	17.03	17.3
2016/5/17	17.35	17.56	17.22	17.4
2016/5/18	17.34	17.37	17.1	17.33
2016/5/19	17.24	17.39	17.17	17.24
2016/5/20	17.11	17.37	17.08	17.37
2016/5/23	17.37	17.56	17.33	17.41
2016/5/24	17.4	17.4	17.13	17.21
2016/5/25	17.29	17.45	17.2	17.22
2016/5/26	17.25	17.33	17.07	17.29
2016/5/27	17.22	17.36	17.17	17.23
2016/5/30	17.19	17.38	17.1	17.33
2016/5/31	17.3	18.45	17.3	18.39
2016/6/1	18.4	18.46	18.14	18.26
2016/6/2	18.26	18.33	18.1	18.27
2016/6/3	18.28	18.45	18.15	18.32
2016/6/6	18.32	18.36	18.19	18.25
2016/6/7	18.31	18.42	18.22	18.34
2016/6/8	17.9	17.9	17.64	17.73
2016/6/13	17.62	17.62	16.85	16.89
2016/6/14	16.76	17.3	16.76	17.26
2016/6/15	16.87	17.66	16.82	17.42
2016/6/16	17.32	17.37	17	17.06
2016/6/17	16.96	17.42	16.96	17.3
2016/6/20	17.29	17.38	17.06	17.33
2016/6/21	17.34	18.12	17.34	17.41
2016/6/22	17.28	17.67	17.21	17.64
2016/6/23	17.6	17.66	17.29	17.48
2016/6/24	17.48	17.73	16.89	17.2
2016/6/27	17.09	17.27	17.05	17.25
2016/6/28	17.13	17.5	16.96	17.3
2016/6/29	17.35	17.57	17.31	17.36
2016/6/30	17.42	17.84	17.36	17.79
2016/7/1	17.81	17.9	17.61	17.68
2016/7/4	17.56	18.37	17.52	18.13
2016/7/5	18.15	18.2	17.9	18.09
2016/7/6	18.02	18.24	17.9	18.12
2016/7/7	18.09	18.18	17.87	18.06
2016/7/8	18.02	18.19	17.96	18.07
2016/7/11	18.1	18.4	18.04	18.07
2016/7/12	18.05	18.47	18.02	18.46
2016/7/13	18.51	18.85	18.42	18.56
2016/7/14	18.44	18.58	18.32	18.46
2016/7/15	18.48	18.55	18.24	18.33
2016/7/18	18.23	18.4	18.11	18.16
2016/7/19	18.19	18.29	18.05	18.26
2016/7/20	18.2	18.35	18.17	18.19
2016/7/21	18.17	18.41	18.17	18.28
2016/7/22	18.25	18.28	18.05	18.08
2016/7/25	18.05	18.21	18.02	18.13
2016/7/26	18.12	18.34	18.05	18.32
2016/7/27	18.3	18.32	17.46	17.82
2016/7/28	17.71	17.88	17.54	17.77
2016/7/29	17.77	17.81	17.62	17.69
2016/8/1	17.68	17.74	17.36	17.49
2016/8/2	17.51	17.63	17.47	17.6
2016/8/3	17.59	17.62	17.51	17.59
2016/8/4	17.56	17.61	17.48	17.58
2016/8/5	17.56	17.78	17.52	17.64
2016/8/8	17.63	17.76	17.52	17.76
2016/8/9	17.72	17.92	17.71	17.88
2016/8/10	17.88	17.95	17.77	17.78
2016/8/11	17.83	18.09	17.78	17.83
2016/8/12	17.82	18.45	17.82	18.41
2016/8/15	18.49	19.88	18.45	19.14
2016/8/16	19.05	19.33	18.81	18.85
2016/8/17	18.95	19.08	18.61	18.76
2016/8/18	18.68	18.86	18.5	18.6
2016/8/19	18.6	19.11	18.53	19.06
2016/8/22	19.01	19.15	18.56	18.58
2016/8/23	18.5	18.74	18.3	18.41
2016/8/24	18.45	18.55	18.3	18.41
2016/8/25	18.33	18.54	18.27	18.49
2016/8/26	18.52	18.6	18.37	18.41
2016/8/29	18.34	18.46	18.32	18.4
2016/8/30	18.46	18.58	18.38	18.46
2016/8/31	18.46	18.69	18.38	18.59
2016/9/1	18.51	18.61	18.31	18.34
2016/9/2	18.33	18.6	18.25	18.49
2016/9/5	18.49	18.62	18.41	18.47
2016/9/6	18.49	18.53	18.27	18.47
2016/9/7	18.51	18.59	18.35	18.46
2016/9/8	18.41	18.51	18.38	18.44
2016/9/9	18.47	18.64	18.41	18.43
2016/9/12	18.08	18.18	17.86	18.13
2016/9/13	18.09	18.18	18.01	18.16
2016/9/14	18.07	18.28	18	18.08
2016/9/19	18.06	18.16	18.05	18.13
2016/9/20	18.13	18.15	17.98	18.03
2016/9/21	18.02	18.23	17.98	18.12
2016/9/22	18.21	18.24	18.11	18.14
2016/9/23	18.15	18.19	18.03	18.03
2016/9/26	17.97	17.99	17.5	17.56
2016/9/27	17.51	17.69	17.51	17.66
2016/9/28	17.68	17.68	17.49	17.55
2016/9/29	17.61	17.82	17.58	17.69
2016/9/30	17.62	17.76	17.62	17.74
2016/10/10	17.81	17.92	17.76	17.85
2016/10/11	17.87	17.87	17.78	17.82
2016/10/12	17.78	17.8	17.72	17.76
2016/10/13	17.76	17.82	17.73	17.76
2016/10/14	17.77	17.77	17.52	17.63
2016/10/17	17.65	17.65	17.39	17.41
2016/10/18	17.41	17.72	17.4	17.69
2016/10/19	17.71	17.76	17.61	17.64
2016/10/20	17.67	17.7	17.61	17.64
2016/10/21	17.65	17.87	17.63	17.77
2016/10/24	17.8	18.17	17.76	18.07
2016/10/25	18.05	18.07	17.9	17.96
2016/10/26	17.96	18.02	17.8	17.83
2016/10/27	17.81	17.87	17.78	17.83
2016/10/28	17.97	18.28	17.89	17.92
2016/10/31	17.9	17.92	17.64	17.84
2016/11/1	17.83	18.05	17.8	18.04
2016/11/2	18	18.15	17.87	17.91
2016/11/3	17.85	18.44	17.82	18.22
2016/11/4	18.19	18.35	18.03	18.14
2016/11/7	18.19	18.3	18.09	18.2
2016/11/8	18.3	18.37	18.14	18.21
2016/11/9	18.21	18.24	17.7	17.88
2016/11/10	18.04	18.31	18.01	18.21
2016/11/11	18.21	18.76	18.21	18.7
2016/11/14	18.61	19.2	18.56	18.8
2016/11/15	18.79	18.95	18.64	18.76
2016/11/16	18.8	18.85	18.65	18.79
2016/11/17	18.74	18.81	18.51	18.76
2016/11/18	18.65	18.72	18.49	18.52
2016/11/21	18.41	18.77	18.4	18.63
2016/11/22	18.71	19.03	18.7	18.99
2016/11/23	19	19.17	18.77	18.85
2016/11/24	18.81	19.35	18.79	19.04
2016/11/25	19	19.17	18.63	19.14
2016/11/28	19.27	19.37	19.07	19.12
2016/11/29	19.09	19.98	18.9	19.71
2016/11/30	19.55	20.69	19.52	19.91
2016/12/1	19.85	20.18	19.64	20.14
2016/12/2	20.02	20.12	19.5	19.52
2016/12/5	19.22	19.48	19.03	19.19
2016/12/6	19.21	19.53	19.14	19.29
2016/12/7	19.32	19.42	19.15	19.29
2016/12/8	19.3	19.32	18.99	19.05
2016/12/9	19.01	19.69	18.95	19.61
2016/12/12	19.63	19.8	19.11	19.37
2016/12/13	19.2	19.74	19.16	19.67
2016/12/14	19.69	19.77	19.43	19.59
2016/12/15	19.56	19.69	18.75	18.88
2016/12/16	18.72	18.96	18.69	18.84
2016/12/19	18.68	18.95	18.5	18.65
2016/12/20	18.65	18.8	18.57	18.76
2016/12/21	18.79	18.99	18.75	18.84
2016/12/22	18.84	18.85	18.55	18.77
2016/12/23	18.7	18.84	18.52	18.64
2016/12/26	18.46	18.77	18.29	18.7
2016/12/27	18.65	18.78	18.5	18.54
2016/12/28	18.56	18.64	18.4	18.49
2016/12/29	18.48	18.62	18.4	18.48
2016/12/30	18.41	18.65	18.41	18.59
2017/1/3	18.54	18.82	18.54	18.72
2017/1/4	18.72	18.8	18.62	18.79
2017/1/5	18.76	18.86	18.64	18.68
2017/1/6	18.65	18.71	18.51	18.52
2017/1/9	18.52	18.76	18.48	18.66
2017/1/10	18.63	18.83	18.6	18.64
2017/1/11	18.62	18.84	18.6	18.66
2017/1/12	18.65	18.87	18.63	18.75
2017/1/13	18.74	18.83	18.54	18.8
2017/1/16	18.73	19.09	18.28	18.98
2017/1/17	18.82	18.9	18.66	18.86
2017/1/18	18.85	19.05	18.77	18.94
2017/1/19	18.89	19.2	18.82	19.01
2017/1/20	19.04	19.25	19.02	19.24
2017/1/23	19.27	19.28	19.04	19.13
2017/1/24	19.12	19.16	18.96	19.03
2017/1/25	19	19.12	18.95	19.04
2017/1/26	19.06	19.24	19.06	19.16
2017/2/3	19.17	19.21	18.93	18.97
2017/2/6	19.05	19.05	18.77	18.92
2017/2/7	18.89	18.93	18.71	18.77
2017/2/8	18.78	19.09	18.6	19.04
2017/2/9	18.96	19.17	18.93	19.07
2017/2/10	19.09	19.36	19.01	19.2
2017/2/13	19.25	19.46	19.16	19.21
2017/2/14	19.23	19.39	19.19	19.25
2017/2/15	19.25	19.5	19.09	19.14
2017/2/16	19.16	19.43	19	19.38
2017/2/17	19.48	19.87	19.22	19.25
2017/2/20	19.17	19.55	19.13	19.54
2017/2/21	19.55	19.84	19.42	19.49
2017/2/22	19.47	19.54	19.27	19.42
2017/2/23	19.43	19.45	19.2	19.32
2017/2/24	19.28	19.36	19.21	19.35
2017/2/27	19.35	19.35	19.09	19.12
2017/2/28	19.1	19.23	19.1	19.14
2017/3/1	19.12	19.24	19.1	19.14
2017/3/2	19.2	19.38	19.03	19.04
2017/3/3	19	19	18.8	18.93
2017/3/6	18.85	18.97	18.76	18.93
2017/3/7	18.91	18.95	18.83	18.93
2017/3/8	18.92	18.98	18.83	18.88
2017/3/9	18.85	18.87	18.65	18.84
2017/3/10	18.77	18.82	18.7	18.72
2017/3/13	18.7	18.85	18.61	18.84
2017/3/14	18.83	18.92	18.78	18.85
2017/3/15	18.85	18.85	18.73	18.81
2017/3/16	18.83	19.2	18.83	19.18
2017/3/17	19.22	19.26	18.76	18.79
2017/3/20	18.79	18.84	18.62	18.73
2017/3/21	18.73	18.79	18.65	18.74
2017/3/22	18.68	18.69	18.41	18.47
2017/3/23	18.48	18.68	18.39	18.56
2017/3/24	18.52	18.86	18.52	18.79
2017/3/27	18.8	18.97	18.77	18.88
2017/3/28	18.8	18.86	18.69	18.74
2017/3/29	18.35	18.4	18.11	18.14
2017/3/30	18.19	18.31	18.07	18.15
2017/3/31	18.2	18.26	18.12	18.25
2017/4/5	18.16	18.53	18.16	18.48
2017/4/6	18.45	18.62	18.44	18.54
2017/4/7	18.52	18.72	18.47	18.62
2017/4/10	18.67	18.72	18.43	18.48
2017/4/11	18.48	18.55	18.2	18.51
2017/4/12	18.52	18.81	18.44	18.6
2017/4/13	18.55	18.65	18.46	18.53
2017/4/14	18.5	18.57	18.19	18.36
2017/4/17	18.23	18.36	18.11	18.3
2017/4/18	18.23	18.28	18.1	18.11
2017/4/19	18.02	18.12	17.76	18.09
2017/4/20	18.02	18.18	17.87	18.15
2017/4/21	18.09	18.35	18.02	18.33
2017/4/24	18.25	18.45	18.03	18.44
2017/4/25	18.35	18.46	18.18	18.19
2017/4/26	18.18	18.41	18.08	18.22
2017/4/27	18.18	18.24	18.07	18.2
2017/4/28	18.2	18.28	18.07	18.2
2017/5/2	18.2	18.2	17.93	17.96
2017/5/3	17.96	18.03	17.76	17.9
2017/5/4	17.88	17.93	17.76	17.9
2017/5/5	17.83	17.91	17.45	17.86
2017/5/8	17.7	17.97	17.46	17.95
2017/5/9	17.82	17.89	17.73	17.81
2017/5/10	17.82	17.85	17.61	17.74
2017/5/11	17.65	17.92	17.55	17.85
2017/5/12	17.85	18.1	17.82	17.88
2017/5/15	17.93	18.15	17.91	18.1
2017/5/16	18.01	18.14	17.95	18.13
2017/5/17	18.13	18.28	18.06	18.1
2017/5/18	18	18.15	17.86	17.97
2017/5/19	17.93	18.09	17.91	18.06
2017/5/22	17.99	18.15	17.72	18.13
2017/5/23	18.05	18.41	18.02	18.4
2017/5/24	18.31	18.58	18.25	18.5
2017/5/25	18.4	19.18	18.4	18.99
2017/5/26	18.88	19.18	18.88	19.01
2017/5/31	19.12	19.3	18.98	19.26
2017/6/1	19.2	19.5	18.97	19.46
2017/6/2	19.37	19.43	19.07	19.14
2017/6/5	19.15	19.23	18.98	19.12
2017/6/6	19.14	19.23	19.05	19.19
2017/6/7	19.19	19.43	19.13	19.36
2017/6/8	19.36	19.46	19.24	19.36
2017/6/9	19.32	19.55	19.01	19.25
2017/6/12	19.1	19.33	19.04	19.27
2017/6/13	19.23	19.41	19.08	19.25
2017/6/14	19.25	19.33	19.1	19.25
2017/6/15	19.25	19.48	19.2	19.34
2017/6/16	19.37	19.51	19.15	19.22
2017/6/19	19.13	19.86	19.13	19.85
2017/6/20	19.96	20.16	19.72	19.86
2017/6/21	20.15	20.29	19.65	19.85
2017/6/22	19.75	20.24	19.72	19.9
2017/6/23	19.8	20.06	19.61	19.89
2017/6/26	19.92	20.55	19.88	20.5